station	,
ABCD	,
Year	,
Month	,
Date	,
19610101	,0.0
19610102	,0.0
19610103	,0.0
19610104	,1.3
19610105	,0.0
19610106	,0.0
19610107	,0.0
19610108	,0.2
19610109	,0.0
19610110	,0.0
19610111	,0.0
19610112	,0.0
19610113	,0.0
19610114	,0.0
19610115	,0.0
19610116	,0.0
19610117	,0.0
19610118	,0.0
19610119	,0.0
19610120	,0.6
19610121	,0.0
19610122	,0.0
19610123	,0.0
19610124	,0.0
19610125	,0.0
19610126	,0.0
19610127	,0.0
19610128	,0.0
19610129	,0.0
19610130	,0.0
19610131	,0.0
19610201	,0.2
19610202	,0.6
19610203	,10.7
19610204	,0.0
19610205	,0.0
19610206	,0.0
19610207	,0.0
19610208	,0.0
19610209	,0.0
19610210	,0.0
19610211	,0.0
19610212	,0.0
19610213	,0.0
19610214	,0.0
19610215	,0.0
19610216	,0.0
19610217	,0.0
19610218	,0.0
19610219	,0.0
19610220	,0.0
19610221	,0.0
19610222	,0.0
19610223	,0.0
19610224	,0.0
19610225	,0.0
19610226	,0.0
19610227	,0.0
19610228	,0.0
19610301	,0.0
19610302	,0.0
19610303	,0.0
19610304	,0.0
19610305	,0.0
19610306	,15.8
19610307	,5.5
19610308	,0.0
19610309	,0.0
19610310	,0.0
19610311	,0.0
19610312	,0.0
19610313	,2.4
19610314	,16.8
19610315	,0.0
19610316	,8.4
19610317	,28.1
19610318	,4.8
19610319	,12.4
19610320	,3.2
19610321	,0.0
19610322	,0.0
19610323	,0.0
19610324	,0.0
19610325	,0.0
19610326	,0.0
19610327	,0.0
19610328	,0.0
19610329	,0.0
19610330	,0.0
19610331	,0.0
19610401	,0.0
19610402	,0.1
19610403	,0.2
19610404	,7.4
19610405	,0.0
19610406	,25.2
19610407	,15.4
19610408	,0.0
19610409	,0.0
19610410	,0.0
19610411	,0.3
19610412	,0.0
19610413	,0.0
19610414	,0.0
19610415	,0.0
19610416	,0.0
19610417	,0.0
19610418	,0.0
19610419	,0.0
19610420	,0.0
19610421	,0.0
19610422	,14.5
19610423	,0.0
19610424	,0.0
19610425	,0.0
19610426	,0.0
19610427	,2.0
19610428	,4.0
19610429	,0.2
19610430	,46.3
19610501	,1.8
19610502	,0.0
19610503	,20.8
19610504	,12.2
19610505	,1.6
19610506	,7.4
19610507	,0.0
19610508	,0.0
19610509	,12.1
19610510	,16.2
19610511	,0.0
19610512	,6.6
19610513	,14.5
19610514	,11.4
19610515	,13.4
19610516	,4.9
19610517	,0.6
19610518	,0.0
19610519	,0.0
19610520	,19.4
19610521	,12.1
19610522	,5.9
19610523	,2.6
19610524	,0.0
19610525	,21.2
19610526	,17.7
19610527	,0.0
19610528	,0.0
19610529	,0.0
19610530	,0.0
19610531	,51.7
19610601	,8.0
19610602	,5.7
19610603	,0.2
19610604	,0.0
19610605	,0.1
19610606	,3.2
19610607	,0.0
19610608	,0.0
19610609	,0.0
19610610	,7.2
19610611	,6.0
19610612	,4.5
19610613	,1.7
19610614	,25.1
19610615	,5.8
19610616	,15.7
19610617	,18.3
19610618	,0.0
19610619	,0.0
19610620	,0.0
19610621	,0.0
19610622	,2.4
19610623	,29.8
19610624	,0.4
19610625	,4.8
19610626	,0.0
19610627	,0.0
19610628	,0.0
19610629	,3.5
19610630	,34.9
19610701	,14.4
19610702	,0.0
19610703	,6.7
19610704	,3.0
19610705	,1.6
19610706	,15.9
19610707	,0.3
19610708	,14.2
19610709	,10.8
19610710	,10.2
19610711	,43.4
19610712	,4.8
19610713	,27.8
19610714	,6.3
19610715	,48.5
19610716	,0.3
19610717	,0.8
19610718	,22.7
19610719	,0.0
19610720	,3.5
19610721	,24.2
19610722	,27.6
19610723	,3.0
19610724	,0.0
19610725	,63.6
19610726	,5.2
19610727	,0.0
19610728	,2.6
19610729	,1.9
19610730	,0.0
19610731	,0.0
19610801	,0.0
19610802	,11.0
19610803	,0.0
19610804	,37.8
19610805	,73.8
19610806	,6.6
19610807	,36.4
19610808	,3.9
19610809	,3.2
19610810	,3.0
19610811	,0.0
19610812	,0.0
19610813	,0.2
19610814	,22.5
19610815	,63.5
19610816	,5.9
19610817	,0.0
19610818	,0.0
19610819	,0.2
19610820	,3.2
19610821	,3.6
19610822	,10.1
19610823	,0.5
19610824	,0.0
19610825	,1.4
19610826	,18.7
19610827	,0.0
19610828	,0.0
19610829	,0.0
19610830	,9.2
19610831	,14.4
19610901	,0.9
19610902	,0.0
19610903	,0.7
19610904	,0.0
19610905	,1.4
19610906	,0.6
19610907	,4.4
19610908	,0.0
19610909	,6.7
19610910	,0.0
19610911	,0.0
19610912	,0.0
19610913	,0.0
19610914	,0.1
19610915	,0.0
19610916	,0.8
19610917	,1.9
19610918	,0.0
19610919	,13.3
19610920	,14.7
19610921	,5.7
19610922	,0.3
19610923	,5.3
19610924	,0.0
19610925	,0.0
19610926	,82.9
19610927	,0.6
19610928	,6.0
19610929	,0.6
19610930	,0.7
19611001	,14.3
19611002	,1.0
19611003	,0.0
19611004	,0.0
19611005	,0.0
19611006	,2.0
19611007	,0.3
19611008	,1.2
19611009	,0.0
19611010	,0.0
19611011	,0.0
19611012	,0.0
19611013	,0.0
19611014	,0.0
19611015	,0.0
19611016	,2.8
19611017	,0.3
19611018	,2.2
19611019	,0.0
19611020	,0.0
19611021	,0.0
19611022	,0.0
19611023	,0.0
19611024	,0.0
19611025	,0.0
19611026	,0.0
19611027	,0.0
19611028	,0.0
19611029	,0.0
19611030	,0.0
19611031	,0.2
19611101	,0.0
19611102	,0.0
19611103	,0.0
19611104	,0.0
19611105	,0.0
19611106	,1.7
19611107	,0.0
19611108	,8.8
19611109	,0.2
19611110	,0.0
19611111	,0.0
19611112	,0.0
19611113	,0.0
19611114	,0.0
19611115	,0.0
19611116	,0.0
19611117	,0.0
19611118	,0.0
19611119	,0.0
19611120	,0.0
19611121	,0.0
19611122	,0.0
19611123	,0.0
19611124	,0.0
19611125	,0.0
19611126	,0.0
19611127	,0.0
19611128	,0.0
19611129	,0.0
19611130	,0.0
19611201	,0.0
19611202	,0.0
19611203	,0.0
19611204	,0.0
19611205	,0.0
19611206	,0.0
19611207	,0.0
19611208	,0.2
19611209	,0.0
19611210	,0.0
19611211	,0.0
19611212	,0.0
19611213	,0.0
19611214	,0.0
19611215	,0.0
19611216	,0.0
19611217	,0.0
19611218	,0.0
19611219	,0.5
19611220	,0.0
19611221	,0.0
19611222	,0.0
19611223	,0.0
19611224	,0.0
19611225	,0.0
19611226	,0.0
19611227	,0.0
19611228	,0.0
19611229	,0.0
19611230	,0.0
19611231	,0.0
19620101	,0.0
19620102	,0.0
19620103	,0.0
19620104	,0.0
19620105	,0.0
19620106	,0.0
19620107	,0.0
19620108	,0.0
19620109	,0.0
19620110	,0.0
19620111	,0.0
19620112	,0.0
19620113	,0.0
19620114	,0.0
19620115	,0.0
19620116	,0.0
19620117	,0.0
19620118	,0.0
19620119	,0.0
19620120	,0.0
19620121	,0.0
19620122	,0.0
19620123	,0.0
19620124	,0.0
19620125	,0.0
19620126	,0.0
19620127	,0.4
19620128	,11.6
19620129	,0.0
19620130	,0.0
19620131	,0.0
19620201	,0.0
19620202	,0.0
19620203	,0.0
19620204	,0.0
19620205	,0.0
19620206	,0.0
19620207	,0.0
19620208	,7.6
19620209	,2.0
19620210	,0.0
19620211	,0.0
19620212	,0.0
19620213	,0.0
19620214	,0.0
19620215	,0.0
19620216	,0.0
19620217	,0.0
19620218	,0.0
19620219	,0.0
19620220	,0.0
19620221	,0.0
19620222	,0.0
19620223	,0.0
19620224	,0.0
19620225	,0.0
19620226	,1.1
19620227	,0.0
19620228	,0.0
19620301	,0.0
19620302	,0.0
19620303	,0.0
19620304	,0.0
19620305	,0.0
19620306	,1.5
19620307	,5.6
19620308	,0.0
19620309	,0.0
19620310	,0.0
19620311	,0.0
19620312	,0.0
19620313	,0.0
19620314	,0.0
19620315	,0.0
19620316	,0.0
19620317	,0.0
19620318	,0.0
19620319	,0.0
19620320	,0.0
19620321	,0.0
19620322	,0.0
19620323	,0.0
19620324	,0.0
19620325	,0.0
19620326	,0.0
19620327	,0.0
19620328	,0.0
19620329	,0.0
19620330	,0.0
19620331	,0.0
19620401	,0.0
19620402	,0.0
19620403	,0.0
19620404	,0.0
19620405	,0.0
19620406	,7.0
19620407	,32.4
19620408	,0.0
19620409	,15.0
19620410	,0.4
19620411	,29.5
19620412	,0.0
19620413	,0.0
19620414	,2.5
19620415	,0.0
19620416	,0.0
19620417	,0.0
19620418	,10.7
19620419	,1.0
19620420	,0.3
19620421	,1.8
19620422	,0.0
19620423	,0.0
19620424	,0.0
19620425	,0.0
19620426	,0.0
19620427	,2.1
19620428	,0.0
19620429	,18.6
19620430	,1.7
19620501	,17.6
19620502	,5.3
19620503	,12.8
19620504	,2.0
19620505	,3.5
19620506	,6.5
19620507	,0.7
19620508	,11.7
19620509	,7.4
19620510	,0.0
19620511	,0.0
19620512	,19.5
19620513	,0.0
19620514	,0.0
19620515	,16.0
19620516	,39.0
19620517	,0.6
19620518	,7.4
19620519	,11.0
19620520	,0.6
19620521	,11.6
19620522	,2.6
19620523	,18.0
19620524	,0.0
19620525	,0.0
19620526	,1.0
19620527	,1.1
19620528	,12.8
19620529	,4.4
19620530	,14.2
19620531	,12.6
19620601	,9.0
19620602	,0.0
19620603	,0.0
19620604	,0.0
19620605	,0.0
19620606	,2.4
19620607	,6.5
19620608	,30.1
19620609	,1.7
19620610	,6.6
19620611	,0.0
19620612	,0.0
19620613	,0.0
19620614	,7.0
19620615	,3.3
19620616	,25.4
19620617	,2.0
19620618	,17.6
19620619	,19.4
19620620	,0.0
19620621	,1.4
19620622	,35.7
19620623	,4.4
19620624	,0.7
19620625	,7.3
19620626	,39.3
19620627	,41.6
19620628	,7.6
19620629	,11.2
19620630	,0.0
19620701	,2.4
19620702	,18.1
19620703	,0.0
19620704	,0.0
19620705	,0.0
19620706	,0.0
19620707	,0.1
19620708	,0.0
19620709	,0.0
19620710	,0.0
19620711	,0.0
19620712	,0.0
19620713	,0.0
19620714	,0.0
19620715	,22.7
19620716	,0.0
19620717	,30.6
19620718	,0.2
19620719	,0.0
19620720	,0.0
19620721	,0.0
19620722	,1.9
19620723	,0.1
19620724	,0.0
19620725	,2.7
19620726	,27.5
19620727	,23.7
19620728	,0.0
19620729	,14.2
19620730	,36.5
19620731	,0.0
19620801	,0.0
19620802	,17.1
19620803	,0.4
19620804	,4.2
19620805	,0.7
19620806	,12.6
19620807	,13.8
19620808	,1.9
19620809	,1.0
19620810	,0.1
19620811	,10.4
19620812	,0.0
19620813	,3.9
19620814	,4.6
19620815	,1.4
19620816	,0.5
19620817	,2.6
19620818	,29.5
19620819	,7.0
19620820	,11.4
19620821	,12.1
19620822	,0.0
19620823	,0.2
19620824	,0.0
19620825	,0.0
19620826	,0.0
19620827	,41.8
19620828	,0.0
19620829	,0.0
19620830	,35.4
19620831	,11.3
19620901	,0.0
19620902	,0.0
19620903	,0.0
19620904	,0.0
19620905	,18.7
19620906	,3.8
19620907	,0.0
19620908	,0.0
19620909	,0.0
19620910	,0.5
19620911	,0.0
19620912	,0.4
19620913	,0.0
19620914	,0.0
19620915	,0.6
19620916	,3.0
19620917	,0.0
19620918	,0.0
19620919	,0.0
19620920	,0.2
19620921	,0.0
19620922	,0.0
19620923	,0.0
19620924	,0.0
19620925	,0.0
19620926	,0.0
19620927	,0.0
19620928	,0.0
19620929	,0.0
19620930	,0.0
19621001	,5.0
19621002	,2.7
19621003	,7.8
19621004	,0.0
19621005	,0.0
19621006	,0.0
19621007	,41.7
19621008	,4.2
19621009	,0.0
19621010	,0.0
19621011	,0.0
19621012	,0.0
19621013	,0.0
19621014	,0.4
19621015	,0.0
19621016	,0.0
19621017	,0.0
19621018	,0.0
19621019	,0.0
19621020	,0.0
19621021	,0.0
19621022	,0.0
19621023	,0.0
19621024	,0.0
19621025	,0.0
19621026	,0.0
19621027	,0.0
19621028	,0.0
19621029	,1.4
19621030	,0.6
19621031	,3.0
19621101	,0.0
19621102	,0.0
19621103	,0.0
19621104	,0.0
19621105	,0.0
19621106	,0.0
19621107	,0.0
19621108	,0.0
19621109	,0.0
19621110	,0.0
19621111	,0.0
19621112	,0.0
19621113	,0.0
19621114	,0.0
19621115	,0.0
19621116	,0.0
19621117	,0.0
19621118	,0.0
19621119	,0.0
19621120	,0.0
19621121	,0.0
19621122	,0.0
19621123	,0.0
19621124	,0.0
19621125	,0.0
19621126	,0.0
19621127	,0.0
19621128	,0.0
19621129	,0.0
19621130	,0.0
19621201	,0.0
19621202	,0.0
19621203	,0.0
19621204	,0.0
19621205	,0.0
19621206	,0.0
19621207	,0.0
19621208	,0.0
19621209	,1.6
19621210	,0.0
19621211	,0.0
19621212	,0.0
19621213	,0.4
19621214	,0.0
19621215	,0.0
19621216	,0.0
19621217	,0.0
19621218	,0.0
19621219	,0.0
19621220	,0.0
19621221	,0.0
19621222	,0.0
19621223	,0.0
19621224	,0.0
19621225	,0.0
19621226	,0.0
19621227	,0.0
19621228	,0.0
19621229	,0.0
19621230	,0.0
19621231	,0.0
19630101	,0.0
19630102	,0.0
19630103	,0.0
19630104	,0.0
19630105	,0.0
19630106	,0.0
19630107	,0.0
19630108	,0.0
19630109	,0.0
19630110	,0.0
19630111	,0.0
19630112	,0.0
19630113	,0.0
19630114	,0.0
19630115	,0.0
19630116	,0.0
19630117	,0.0
19630118	,0.0
19630119	,0.0
19630120	,0.0
19630121	,0.0
19630122	,0.0
19630123	,0.0
19630124	,0.0
19630125	,0.0
19630126	,0.0
19630127	,0.0
19630128	,0.0
19630129	,0.0
19630130	,0.0
19630131	,0.0
19630201	,0.0
19630202	,0.0
19630203	,0.0
19630204	,0.0
19630205	,0.0
19630206	,0.0
19630207	,0.0
19630208	,0.0
19630209	,0.0
19630210	,0.0
19630211	,0.0
19630212	,0.0
19630213	,0.0
19630214	,0.0
19630215	,0.0
19630216	,0.0
19630217	,0.0
19630218	,0.0
19630219	,0.0
19630220	,0.0
19630221	,0.0
19630222	,0.0
19630223	,0.0
19630224	,0.0
19630225	,0.0
19630226	,0.0
19630227	,0.0
19630228	,0.0
19630301	,0.0
19630302	,0.0
19630303	,0.0
19630304	,0.0
19630305	,0.0
19630306	,3.6
19630307	,12.7
19630308	,0.0
19630309	,0.0
19630310	,7.6
19630311	,22.8
19630312	,15.5
19630313	,0.0
19630314	,0.0
19630315	,0.0
19630316	,0.0
19630317	,0.0
19630318	,0.0
19630319	,0.0
19630320	,0.0
19630321	,0.0
19630322	,0.0
19630323	,0.0
19630324	,0.0
19630325	,0.0
19630326	,0.0
19630327	,0.0
19630328	,0.0
19630329	,0.0
19630330	,0.0
19630331	,0.0
19630401	,0.0
19630402	,0.0
19630403	,0.0
19630404	,4.2
19630405	,0.0
19630406	,0.0
19630407	,0.0
19630408	,0.0
19630409	,0.0
19630410	,0.2
19630411	,0.0
19630412	,0.0
19630413	,0.0
19630414	,1.9
19630415	,17.2
19630416	,22.2
19630417	,27.8
19630418	,29.9
19630419	,15.0
19630420	,0.0
19630421	,0.0
19630422	,0.0
19630423	,2.7
19630424	,0.0
19630425	,0.0
19630426	,0.0
19630427	,2.0
19630428	,0.0
19630429	,35.6
19630430	,4.5
19630501	,13.0
19630502	,0.2
19630503	,0.0
19630504	,3.7
19630505	,1.8
19630506	,0.0
19630507	,0.0
19630508	,0.0
19630509	,0.4
19630510	,7.6
19630511	,0.6
19630512	,6.5
19630513	,12.4
19630514	,8.0
19630515	,27.5
19630516	,51.9
19630517	,19.1
19630518	,0.0
19630519	,0.0
19630520	,11.6
19630521	,0.0
19630522	,0.0
19630523	,20.0
19630524	,1.8
19630525	,13.2
19630526	,0.0
19630527	,0.0
19630528	,0.1
19630529	,1.0
19630530	,37.0
19630531	,18.8
19630601	,0.0
19630602	,0.0
19630603	,0.0
19630604	,0.0
19630605	,0.0
19630606	,0.0
19630607	,4.8
19630608	,102.3
19630609	,4.2
19630610	,1.2
19630611	,0.0
19630612	,0.7
19630613	,0.7
19630614	,2.1
19630615	,0.4
19630616	,1.1
19630617	,0.4
19630618	,1.8
19630619	,23.6
19630620	,57.9
19630621	,28.4
19630622	,10.6
19630623	,0.2
19630624	,0.0
19630625	,0.0
19630626	,0.0
19630627	,0.0
19630628	,0.0
19630629	,0.0
19630630	,8.7
19630701	,0.0
19630702	,0.2
19630703	,0.0
19630704	,0.3
19630705	,0.6
19630706	,0.3
19630707	,25.5
19630708	,0.8
19630709	,39.6
19630710	,59.9
19630711	,4.6
19630712	,1.5
19630713	,13.0
19630714	,52.6
19630715	,1.7
19630716	,0.0
19630717	,0.0
19630718	,0.3
19630719	,9.8
19630720	,3.0
19630721	,5.3
19630722	,5.0
19630723	,0.0
19630724	,5.8
19630725	,3.7
19630726	,0.8
19630727	,1.6
19630728	,37.7
19630729	,21.3
19630730	,17.8
19630731	,68.2
19630801	,0.9
19630802	,0.0
19630803	,4.4
19630804	,8.4
19630805	,5.7
19630806	,0.0
19630807	,8.5
19630808	,0.2
19630809	,0.0
19630810	,6.9
19630811	,2.4
19630812	,54.6
19630813	,34.9
19630814	,0.0
19630815	,41.0
19630816	,18.0
19630817	,3.6
19630818	,0.0
19630819	,69.4
19630820	,19.2
19630821	,1.8
19630822	,1.0
19630823	,4.5
19630824	,0.5
19630825	,2.8
19630826	,0.2
19630827	,29.5
19630828	,0.0
19630829	,0.0
19630830	,0.0
19630831	,0.0
19630901	,0.0
19630902	,3.6
19630903	,7.2
19630904	,0.0
19630905	,0.0
19630906	,0.0
19630907	,0.0
19630908	,0.0
19630909	,0.0
19630910	,0.0
19630911	,0.0
19630912	,2.2
19630913	,61.7
19630914	,0.2
19630915	,1.0
19630916	,0.0
19630917	,0.7
19630918	,0.0
19630919	,0.0
19630920	,1.6
19630921	,0.0
19630922	,0.0
19630923	,0.0
19630924	,0.0
19630925	,0.0
19630926	,3.6
19630927	,0.0
19630928	,2.8
19630929	,26.7
19630930	,3.8
19631001	,0.0
19631002	,0.0
19631003	,1.0
19631004	,0.0
19631005	,0.0
19631006	,0.0
19631007	,0.3
19631008	,0.0
19631009	,0.0
19631010	,0.0
19631011	,0.0
19631012	,0.0
19631013	,0.0
19631014	,24.9
19631015	,0.6
19631016	,0.0
19631017	,0.0
19631018	,0.0
19631019	,0.0
19631020	,0.0
19631021	,0.0
19631022	,0.0
19631023	,0.0
19631024	,16.0
19631025	,10.1
19631026	,0.0
19631027	,0.0
19631028	,0.0
19631029	,0.0
19631030	,0.0
19631031	,0.6
19631101	,0.0
19631102	,2.2
19631103	,4.2
19631104	,0.0
19631105	,0.0
19631106	,0.0
19631107	,0.0
19631108	,0.0
19631109	,0.0
19631110	,0.0
19631111	,0.0
19631112	,0.0
19631113	,0.0
19631114	,0.0
19631115	,0.0
19631116	,0.0
19631117	,0.0
19631118	,0.0
19631119	,0.0
19631120	,0.0
19631121	,0.0
19631122	,0.0
19631123	,0.0
19631124	,1.3
19631125	,0.0
19631126	,0.0
19631127	,0.0
19631128	,0.0
19631129	,0.0
19631130	,0.0
19631201	,0.0
19631202	,1.1
19631203	,0.0
19631204	,0.0
19631205	,0.0
19631206	,0.0
19631207	,0.0
19631208	,0.0
19631209	,0.0
19631210	,0.0
19631211	,0.0
19631212	,0.0
19631213	,0.0
19631214	,0.0
19631215	,0.0
19631216	,0.0
19631217	,0.0
19631218	,0.0
19631219	,0.0
19631220	,0.0
19631221	,0.0
19631222	,0.0
19631223	,0.0
19631224	,0.0
19631225	,0.0
19631226	,0.0
19631227	,0.0
19631228	,0.0
19631229	,0.0
19631230	,0.0
19631231	,6.4
19640101	,0.0
19640102	,0.0
19640103	,0.0
19640104	,0.0
19640105	,0.0
19640106	,0.0
19640107	,0.0
19640108	,0.0
19640109	,0.0
19640110	,0.0
19640111	,0.0
19640112	,0.0
19640113	,1.6
19640114	,0.0
19640115	,0.0
19640116	,0.0
19640117	,0.0
19640118	,0.0
19640119	,0.0
19640120	,0.0
19640121	,0.0
19640122	,0.0
19640123	,0.0
19640124	,0.0
19640125	,0.0
19640126	,0.0
19640127	,0.0
19640128	,0.0
19640129	,0.0
19640130	,0.0
19640131	,0.0
19640201	,0.0
19640202	,0.0
19640203	,0.0
19640204	,0.0
19640205	,0.0
19640206	,0.0
19640207	,0.0
19640208	,0.0
19640209	,0.0
19640210	,0.0
19640211	,0.0
19640212	,0.0
19640213	,0.0
19640214	,0.0
19640215	,0.0
19640216	,0.0
19640217	,0.0
19640218	,0.0
19640219	,0.0
19640220	,0.0
19640221	,0.0
19640222	,1.7
19640223	,9.8
19640224	,9.8
19640225	,0.0
19640226	,0.0
19640227	,0.0
19640228	,0.0
19640229	,0.0
19640301	,0.0
19640302	,0.0
19640303	,0.0
19640304	,0.0
19640305	,0.0
19640306	,0.0
19640307	,0.0
19640308	,0.0
19640309	,0.0
19640310	,0.0
19640311	,0.0
19640312	,0.0
19640313	,0.0
19640314	,0.0
19640315	,0.0
19640316	,0.0
19640317	,0.0
19640318	,19.8
19640319	,0.0
19640320	,9.1
19640321	,5.8
19640322	,6.8
19640323	,26.5
19640324	,0.0
19640325	,0.0
19640326	,0.0
19640327	,5.0
19640328	,0.0
19640329	,1.2
19640330	,0.0
19640331	,0.0
19640401	,2.7
19640402	,6.7
19640403	,0.0
19640404	,5.2
19640405	,0.5
19640406	,0.0
19640407	,0.0
19640408	,3.7
19640409	,7.3
19640410	,11.0
19640411	,35.0
19640412	,1.3
19640413	,14.2
19640414	,20.2
19640415	,10.2
19640416	,25.7
19640417	,10.6
19640418	,13.5
19640419	,13.7
19640420	,0.0
19640421	,0.0
19640422	,0.0
19640423	,0.0
19640424	,0.0
19640425	,0.0
19640426	,0.0
19640427	,0.0
19640428	,0.7
19640429	,0.7
19640430	,0.0
19640501	,4.3
19640502	,0.0
19640503	,0.1
19640504	,18.3
19640505	,59.6
19640506	,65.5
19640507	,12.9
19640508	,28.6
19640509	,0.0
19640510	,0.0
19640511	,8.0
19640512	,6.2
19640513	,0.8
19640514	,0.0
19640515	,0.0
19640516	,0.0
19640517	,0.0
19640518	,6.8
19640519	,20.3
19640520	,0.0
19640521	,0.0
19640522	,1.2
19640523	,0.0
19640524	,3.3
19640525	,0.4
19640526	,0.0
19640527	,0.0
19640528	,0.0
19640529	,0.0
19640530	,0.0
19640531	,0.0
19640601	,0.0
19640602	,0.0
19640603	,0.8
19640604	,24.2
19640605	,17.3
19640606	,8.6
19640607	,9.5
19640608	,16.3
19640609	,2.0
19640610	,32.8
19640611	,3.8
19640612	,15.3
19640613	,0.5
19640614	,0.2
19640615	,43.1
19640616	,11.2
19640617	,7.9
19640618	,6.3
19640619	,0.7
19640620	,0.0
19640621	,57.7
19640622	,69.6
19640623	,5.6
19640624	,0.0
19640625	,12.0
19640626	,23.0
19640627	,4.6
19640628	,10.4
19640629	,16.3
19640630	,0.0
19640701	,1.6
19640702	,2.7
19640703	,0.0
19640704	,0.0
19640705	,22.5
19640706	,27.3
19640707	,4.2
19640708	,6.4
19640709	,22.3
19640710	,4.2
19640711	,7.8
19640712	,12.9
19640713	,1.6
19640714	,4.2
19640715	,0.0
19640716	,49.0
19640717	,0.6
19640718	,14.5
19640719	,11.8
19640720	,3.3
19640721	,0.0
19640722	,0.0
19640723	,0.0
19640724	,22.1
19640725	,6.8
19640726	,0.0
19640727	,0.0
19640728	,24.6
19640729	,16.9
19640730	,66.5
19640731	,31.4
19640801	,3.6
19640802	,7.6
19640803	,2.6
19640804	,18.9
19640805	,0.0
19640806	,0.0
19640807	,11.4
19640808	,8.2
19640809	,0.0
19640810	,0.0
19640811	,0.6
19640812	,7.8
19640813	,2.3
19640814	,18.7
19640815	,1.4
19640816	,0.2
19640817	,7.4
19640818	,8.4
19640819	,17.2
19640820	,0.9
19640821	,0.0
19640822	,0.0
19640823	,0.0
19640824	,2.6
19640825	,0.0
19640826	,36.7
19640827	,25.8
19640828	,1.7
19640829	,0.0
19640830	,0.0
19640831	,7.6
19640901	,0.0
19640902	,2.5
19640903	,0.0
19640904	,0.0
19640905	,0.7
19640906	,7.5
19640907	,3.1
19640908	,21.0
19640909	,10.2
19640910	,0.4
19640911	,0.0
19640912	,2.8
19640913	,0.4
19640914	,9.8
19640915	,0.0
19640916	,11.0
19640917	,0.0
19640918	,14.9
19640919	,4.2
19640920	,0.0
19640921	,0.0
19640922	,1.9
19640923	,5.1
19640924	,0.0
19640925	,15.8
19640926	,0.0
19640927	,0.0
19640928	,0.0
19640929	,3.8
19640930	,0.5
19641001	,0.0
19641002	,0.0
19641003	,0.0
19641004	,1.8
19641005	,4.7
19641006	,20.9
19641007	,20.7
19641008	,1.9
19641009	,0.0
19641010	,0.0
19641011	,0.8
19641012	,2.6
19641013	,0.0
19641014	,0.0
19641015	,2.6
19641016	,0.0
19641017	,0.0
19641018	,0.0
19641019	,7.8
19641020	,1.8
19641021	,0.0
19641022	,0.3
19641023	,11.2
19641024	,0.0
19641025	,0.0
19641026	,9.2
19641027	,33.3
19641028	,0.4
19641029	,0.0
19641030	,0.0
19641031	,0.0
19641101	,0.0
19641102	,0.0
19641103	,6.8
19641104	,0.0
19641105	,0.0
19641106	,0.0
19641107	,0.0
19641108	,0.0
19641109	,0.0
19641110	,0.0
19641111	,0.0
19641112	,0.0
19641113	,0.0
19641114	,0.0
19641115	,0.0
19641116	,0.0
19641117	,0.0
19641118	,0.0
19641119	,0.0
19641120	,0.9
19641121	,0.0
19641122	,0.0
19641123	,0.0
19641124	,0.0
19641125	,0.0
19641126	,0.0
19641127	,0.0
19641128	,0.0
19641129	,0.0
19641130	,0.0
19641201	,0.0
19641202	,0.0
19641203	,0.0
19641204	,0.0
19641205	,0.0
19641206	,0.0
19641207	,0.0
19641208	,0.0
19641209	,0.0
19641210	,0.0
19641211	,0.0
19641212	,0.0
19641213	,0.0
19641214	,0.0
19641215	,0.0
19641216	,0.0
19641217	,0.0
19641218	,0.0
19641219	,0.0
19641220	,0.0
19641221	,0.0
19641222	,0.0
19641223	,0.0
19641224	,0.0
19641225	,0.2
19641226	,0.0
19641227	,0.0
19641228	,0.0
19641229	,0.0
19641230	,0.0
19641231	,0.0
19650101	,0.0
19650102	,0.0
19650103	,0.0
19650104	,0.0
19650105	,0.0
19650106	,0.0
19650107	,0.0
19650108	,0.0
19650109	,0.0
19650110	,0.0
19650111	,0.0
19650112	,0.0
19650113	,0.0
19650114	,0.0
19650115	,0.0
19650116	,0.0
19650117	,0.0
19650118	,0.0
19650119	,0.0
19650120	,0.0
19650121	,0.0
19650122	,0.0
19650123	,0.0
19650124	,0.0
19650125	,0.0
19650126	,0.0
19650127	,0.0
19650128	,0.0
19650129	,0.0
19650130	,0.0
19650131	,0.0
19650201	,0.0
19650202	,0.0
19650203	,9.0
19650204	,7.2
19650205	,0.2
19650206	,0.0
19650207	,10.0
19650208	,5.4
19650209	,0.0
19650210	,0.0
19650211	,0.0
19650212	,0.0
19650213	,0.0
19650214	,0.0
19650215	,0.0
19650216	,0.0
19650217	,0.0
19650218	,0.0
19650219	,0.0
19650220	,7.2
19650221	,0.0
19650222	,0.0
19650223	,0.0
19650224	,0.0
19650225	,0.0
19650226	,0.0
19650227	,0.0
19650228	,0.0
19650301	,0.0
19650302	,0.0
19650303	,0.0
19650304	,0.0
19650305	,0.0
19650306	,0.0
19650307	,0.0
19650308	,0.0
19650309	,0.0
19650310	,0.0
19650311	,0.0
19650312	,0.0
19650313	,0.0
19650314	,0.0
19650315	,0.0
19650316	,0.0
19650317	,0.0
19650318	,0.0
19650319	,0.0
19650320	,0.0
19650321	,0.2
19650322	,0.0
19650323	,0.0
19650324	,9.4
19650325	,2.8
19650326	,0.0
19650327	,8.1
19650328	,7.0
19650329	,15.8
19650330	,31.2
19650331	,0.0
19650401	,1.4
19650402	,0.0
19650403	,21.5
19650404	,0.6
19650405	,0.0
19650406	,0.0
19650407	,0.0
19650408	,10.6
19650409	,8.6
19650410	,33.3
19650411	,1.8
19650412	,0.0
19650413	,16.7
19650414	,2.4
19650415	,3.8
19650416	,12.2
19650417	,0.8
19650418	,35.8
19650419	,2.4
19650420	,30.6
19650421	,0.0
19650422	,0.0
19650423	,0.0
19650424	,0.0
19650425	,2.5
19650426	,11.0
19650427	,0.0
19650428	,0.0
19650429	,0.0
19650430	,0.0
19650501	,0.0
19650502	,1.8
19650503	,10.9
19650504	,36.2
19650505	,23.0
19650506	,6.6
19650507	,12.2
19650508	,29.3
19650509	,21.0
19650510	,23.8
19650511	,18.0
19650512	,27.8
19650513	,49.5
19650514	,1.3
19650515	,0.4
19650516	,2.0
19650517	,9.7
19650518	,4.6
19650519	,8.8
19650520	,4.4
19650521	,23.8
19650522	,0.0
19650523	,0.1
19650524	,0.1
19650525	,0.0
19650526	,0.0
19650527	,0.0
19650528	,0.0
19650529	,0.0
19650530	,0.0
19650531	,2.6
19650601	,10.8
19650602	,12.4
19650603	,4.2
19650604	,22.8
19650605	,9.6
19650606	,12.6
19650607	,1.8
19650608	,11.0
19650609	,0.0
19650610	,0.0
19650611	,0.0
19650612	,0.0
19650613	,0.0
19650614	,0.6
19650615	,20.6
19650616	,0.6
19650617	,1.3
19650618	,50.9
19650619	,60.2
19650620	,3.8
19650621	,21.8
19650622	,3.5
19650623	,2.4
19650624	,17.6
19650625	,56.6
19650626	,18.4
19650627	,4.8
19650628	,9.0
19650629	,0.0
19650630	,6.0
19650701	,5.4
19650702	,0.2
19650703	,30.5
19650704	,0.0
19650705	,0.0
19650706	,0.0
19650707	,0.0
19650708	,1.7
19650709	,6.2
19650710	,103.6
19650711	,25.0
19650712	,4.4
19650713	,0.0
19650714	,0.0
19650715	,39.8
19650716	,0.0
19650717	,0.0
19650718	,1.4
19650719	,10.3
19650720	,7.9
19650721	,0.0
19650722	,0.5
19650723	,0.0
19650724	,94.4
19650725	,2.5
19650726	,0.0
19650727	,0.0
19650728	,1.6
19650729	,3.8
19650730	,15.2
19650731	,15.2
19650801	,12.6
19650802	,56.0
19650803	,2.6
19650804	,23.6
19650805	,18.7
19650806	,2.5
19650807	,0.2
19650808	,2.6
19650809	,12.4
19650810	,4.8
19650811	,3.2
19650812	,0.0
19650813	,3.6
19650814	,5.8
19650815	,4.4
19650816	,0.1
19650817	,4.6
19650818	,2.6
19650819	,15.9
19650820	,1.3
19650821	,0.0
19650822	,0.0
19650823	,0.0
19650824	,6.2
19650825	,3.6
19650826	,22.0
19650827	,7.9
19650828	,3.8
19650829	,61.8
19650830	,1.0
19650831	,0.0
19650901	,2.4
19650902	,58.2
19650903	,0.0
19650904	,0.0
19650905	,8.0
19650906	,0.0
19650907	,0.0
19650908	,14.3
19650909	,1.4
19650910	,9.6
19650911	,10.8
19650912	,0.0
19650913	,10.2
19650914	,0.1
19650915	,0.0
19650916	,8.6
19650917	,0.5
19650918	,0.0
19650919	,0.3
19650920	,0.6
19650921	,8.6
19650922	,0.0
19650923	,0.0
19650924	,0.0
19650925	,3.2
19650926	,6.5
19650927	,3.0
19650928	,0.3
19650929	,3.4
19650930	,0.0
19651001	,0.0
19651002	,0.0
19651003	,0.0
19651004	,0.0
19651005	,0.0
19651006	,0.0
19651007	,0.0
19651008	,0.0
19651009	,0.0
19651010	,0.2
19651011	,0.0
19651012	,0.0
19651013	,0.0
19651014	,0.0
19651015	,0.0
19651016	,0.0
19651017	,0.0
19651018	,0.0
19651019	,0.0
19651020	,0.0
19651021	,6.7
19651022	,12.7
19651023	,6.6
19651024	,0.0
19651025	,0.0
19651026	,0.0
19651027	,0.0
19651028	,0.0
19651029	,0.0
19651030	,0.0
19651031	,0.1
19651101	,1.6
19651102	,11.1
19651103	,0.0
19651104	,1.2
19651105	,0.0
19651106	,3.6
19651107	,10.9
19651108	,0.0
19651109	,0.0
19651110	,0.0
19651111	,0.0
19651112	,0.0
19651113	,0.0
19651114	,0.0
19651115	,0.0
19651116	,0.0
19651117	,0.0
19651118	,0.0
19651119	,0.0
19651120	,0.0
19651121	,0.0
19651122	,0.0
19651123	,0.0
19651124	,0.0
19651125	,0.0
19651126	,0.0
19651127	,0.0
19651128	,0.0
19651129	,0.0
19651130	,0.0
19651201	,0.0
19651202	,0.0
19651203	,0.0
19651204	,0.0
19651205	,0.0
19651206	,0.0
19651207	,0.0
19651208	,0.0
19651209	,0.0
19651210	,0.0
19651211	,0.0
19651212	,0.0
19651213	,0.0
19651214	,0.0
19651215	,0.0
19651216	,0.0
19651217	,0.0
19651218	,1.8
19651219	,0.0
19651220	,0.0
19651221	,0.0
19651222	,0.0
19651223	,0.0
19651224	,0.0
19651225	,0.2
19651226	,0.0
19651227	,0.0
19651228	,0.0
19651229	,0.0
19651230	,0.0
19651231	,0.0
19660101	,0.0
19660102	,0.0
19660103	,0.0
19660104	,11.5
19660105	,5.0
19660106	,0.0
19660107	,0.0
19660108	,0.0
19660109	,0.0
19660110	,0.0
19660111	,0.0
19660112	,0.0
19660113	,0.0
19660114	,0.0
19660115	,0.0
19660116	,0.0
19660117	,0.0
19660118	,0.0
19660119	,0.0
19660120	,0.0
19660121	,0.0
19660122	,0.0
19660123	,0.0
19660124	,0.0
19660125	,0.0
19660126	,0.0
19660127	,1.8
19660128	,5.6
19660129	,0.0
19660130	,0.0
19660131	,0.0
19660201	,0.0
19660202	,0.0
19660203	,0.0
19660204	,0.0
19660205	,0.0
19660206	,0.0
19660207	,0.0
19660208	,0.0
19660209	,0.0
19660210	,0.0
19660211	,7.5
19660212	,0.0
19660213	,0.0
19660214	,0.0
19660215	,0.0
19660216	,0.0
19660217	,0.0
19660218	,0.0
19660219	,0.0
19660220	,0.0
19660221	,0.0
19660222	,0.0
19660223	,0.0
19660224	,0.0
19660225	,0.0
19660226	,0.0
19660227	,0.0
19660228	,0.0
19660301	,2.3
19660302	,0.0
19660303	,0.0
19660304	,0.0
19660305	,0.0
19660306	,11.0
19660307	,0.0
19660308	,0.0
19660309	,0.0
19660310	,0.0
19660311	,0.0
19660312	,0.0
19660313	,0.0
19660314	,0.0
19660315	,0.0
19660316	,0.0
19660317	,0.0
19660318	,0.0
19660319	,0.0
19660320	,10.4
19660321	,7.9
19660322	,0.0
19660323	,0.0
19660324	,0.0
19660325	,0.0
19660326	,0.0
19660327	,0.0
19660328	,0.0
19660329	,0.0
19660330	,0.0
19660331	,0.0
19660401	,0.0
19660402	,0.0
19660403	,0.0
19660404	,0.0
19660405	,0.0
19660406	,0.0
19660407	,0.9
19660408	,0.4
19660409	,0.0
19660410	,0.0
19660411	,0.0
19660412	,0.0
19660413	,0.0
19660414	,0.0
19660415	,0.0
19660416	,7.5
19660417	,0.0
19660418	,0.0
19660419	,9.2
19660420	,23.1
19660421	,0.3
19660422	,12.2
19660423	,7.6
19660424	,33.3
19660425	,0.0
19660426	,2.9
19660427	,0.8
19660428	,0.0
19660429	,1.4
19660430	,0.0
19660501	,0.0
19660502	,0.0
19660503	,0.0
19660504	,0.0
19660505	,0.0
19660506	,2.0
19660507	,4.6
19660508	,0.0
19660509	,5.8
19660510	,39.2
19660511	,6.4
19660512	,0.0
19660513	,6.5
19660514	,0.0
19660515	,0.0
19660516	,0.0
19660517	,0.0
19660518	,0.0
19660519	,0.0
19660520	,0.0
19660521	,0.0
19660522	,5.9
19660523	,22.2
19660524	,1.8
19660525	,25.3
19660526	,0.6
19660527	,19.8
19660528	,22.5
19660529	,2.7
19660530	,26.8
19660531	,12.1
19660601	,0.0
19660602	,11.0
19660603	,0.0
19660604	,4.1
19660605	,19.4
19660606	,0.8
19660607	,11.1
19660608	,45.5
19660609	,17.5
19660610	,19.8
19660611	,56.8
19660612	,39.6
19660613	,52.9
19660614	,15.2
19660615	,2.7
19660616	,0.4
19660617	,0.2
19660618	,3.2
19660619	,0.0
19660620	,2.7
19660621	,0.7
19660622	,6.8
19660623	,90.5
19660624	,0.0
19660625	,0.0
19660626	,1.3
19660627	,0.0
19660628	,1.4
19660629	,10.6
19660630	,44.1
19660701	,44.4
19660702	,29.3
19660703	,2.7
19660704	,15.8
19660705	,0.0
19660706	,0.3
19660707	,7.9
19660708	,1.1
19660709	,0.0
19660710	,7.7
19660711	,2.8
19660712	,7.5
19660713	,13.9
19660714	,0.0
19660715	,0.0
19660716	,0.9
19660717	,0.0
19660718	,2.1
19660719	,1.4
19660720	,39.3
19660721	,9.9
19660722	,0.0
19660723	,0.0
19660724	,12.1
19660725	,0.7
19660726	,5.5
19660727	,1.8
19660728	,1.6
19660729	,26.6
19660730	,0.0
19660731	,0.2
19660801	,35.2
19660802	,3.7
19660803	,0.0
19660804	,7.4
19660805	,7.9
19660806	,0.2
19660807	,40.6
19660808	,23.7
19660809	,8.2
19660810	,54.8
19660811	,0.0
19660812	,1.0
19660813	,5.1
19660814	,3.7
19660815	,0.0
19660816	,0.0
19660817	,21.9
19660818	,29.2
19660819	,0.2
19660820	,0.0
19660821	,21.4
19660822	,0.6
19660823	,1.9
19660824	,10.0
19660825	,44.3
19660826	,12.5
19660827	,0.0
19660828	,8.0
19660829	,0.0
19660830	,1.2
19660831	,0.0
19660901	,12.6
19660902	,0.0
19660903	,0.0
19660904	,4.5
19660905	,0.0
19660906	,0.0
19660907	,0.0
19660908	,0.5
19660909	,3.1
19660910	,0.6
19660911	,16.8
19660912	,5.3
19660913	,0.4
19660914	,7.0
19660915	,0.0
19660916	,90.2
19660917	,4.2
19660918	,0.4
19660919	,0.0
19660920	,4.4
19660921	,0.0
19660922	,0.0
19660923	,0.0
19660924	,0.0
19660925	,0.0
19660926	,8.6
19660927	,5.8
19660928	,8.7
19660929	,0.0
19660930	,0.0
19661001	,6.8
19661002	,18.5
19661003	,6.5
19661004	,0.7
19661005	,0.0
19661006	,0.2
19661007	,0.0
19661008	,0.0
19661009	,0.0
19661010	,0.0
19661011	,0.0
19661012	,0.0
19661013	,0.2
19661014	,0.0
19661015	,0.0
19661016	,0.0
19661017	,0.0
19661018	,0.0
19661019	,0.0
19661020	,0.0
19661021	,0.0
19661022	,0.0
19661023	,0.0
19661024	,0.0
19661025	,0.0
19661026	,0.0
19661027	,0.0
19661028	,0.0
19661029	,0.0
19661030	,0.0
19661031	,0.0
19661101	,0.0
19661102	,0.0
19661103	,0.0
19661104	,0.0
19661105	,0.0
19661106	,0.0
19661107	,0.0
19661108	,0.0
19661109	,0.0
19661110	,0.0
19661111	,0.0
19661112	,0.0
19661113	,0.0
19661114	,0.0
19661115	,0.0
19661116	,0.0
19661117	,0.1
19661118	,0.0
19661119	,0.0
19661120	,0.2
19661121	,0.0
19661122	,7.2
19661123	,38.5
19661124	,0.2
19661125	,0.0
19661126	,0.0
19661127	,0.0
19661128	,0.0
19661129	,0.0
19661130	,0.0
19661201	,0.0
19661202	,0.0
19661203	,0.8
19661204	,0.0
19661205	,0.0
19661206	,0.0
19661207	,0.0
19661208	,0.0
19661209	,0.0
19661210	,0.0
19661211	,0.0
19661212	,0.0
19661213	,4.8
19661214	,0.0
19661215	,0.0
19661216	,0.0
19661217	,0.0
19661218	,0.0
19661219	,0.0
19661220	,0.0
19661221	,0.0
19661222	,0.0
19661223	,0.0
19661224	,0.0
19661225	,0.0
19661226	,0.0
19661227	,0.0
19661228	,0.0
19661229	,0.0
19661230	,0.0
19661231	,0.0
19670101	,0.0
19670102	,0.0
19670103	,0.0
19670104	,0.0
19670105	,0.0
19670106	,0.0
19670107	,0.0
19670108	,4.6
19670109	,0.0
19670110	,0.0
19670111	,0.0
19670112	,0.0
19670113	,0.0
19670114	,0.0
19670115	,0.0
19670116	,0.0
19670117	,0.0
19670118	,0.0
19670119	,0.0
19670120	,0.0
19670121	,0.0
19670122	,0.0
19670123	,0.0
19670124	,0.0
19670125	,0.0
19670126	,0.0
19670127	,2.1
19670128	,0.6
19670129	,0.0
19670130	,0.0
19670131	,0.0
19670201	,0.0
19670202	,0.0
19670203	,0.0
19670204	,0.0
19670205	,0.0
19670206	,2.8
19670207	,0.0
19670208	,0.2
19670209	,0.0
19670210	,0.0
19670211	,0.0
19670212	,0.0
19670213	,0.6
19670214	,0.0
19670215	,0.0
19670216	,0.0
19670217	,0.0
19670218	,0.0
19670219	,10.1
19670220	,0.0
19670221	,0.0
19670222	,0.0
19670223	,0.0
19670224	,0.0
19670225	,0.0
19670226	,0.0
19670227	,0.0
19670228	,0.0
19670301	,0.0
19670302	,0.0
19670303	,0.0
19670304	,0.0
19670305	,0.0
19670306	,0.0
19670307	,1.2
19670308	,0.0
19670309	,0.0
19670310	,0.0
19670311	,0.0
19670312	,0.0
19670313	,5.7
19670314	,1.0
19670315	,7.7
19670316	,3.4
19670317	,23.1
19670318	,0.2
19670319	,8.5
19670320	,0.8
19670321	,16.4
19670322	,13.1
19670323	,0.0
19670324	,32.5
19670325	,0.0
19670326	,0.0
19670327	,0.0
19670328	,0.0
19670329	,0.0
19670330	,0.0
19670331	,0.0
19670401	,0.0
19670402	,0.0
19670403	,0.0
19670404	,0.0
19670405	,0.0
19670406	,0.0
19670407	,0.0
19670408	,0.0
19670409	,0.0
19670410	,0.0
19670411	,0.0
19670412	,0.0
19670413	,0.0
19670414	,0.4
19670415	,8.0
19670416	,38.5
19670417	,0.0
19670418	,1.0
19670419	,71.0
19670420	,4.8
19670421	,19.6
19670422	,1.3
19670423	,0.0
19670424	,0.0
19670425	,8.6
19670426	,0.0
19670427	,0.0
19670428	,0.0
19670429	,1.2
19670430	,0.0
19670501	,18.6
19670502	,10.8
19670503	,1.2
19670504	,1.3
19670505	,7.7
19670506	,1.0
19670507	,14.8
19670508	,0.0
19670509	,0.0
19670510	,6.1
19670511	,35.4
19670512	,52.4
19670513	,3.6
19670514	,11.2
19670515	,0.0
19670516	,0.0
19670517	,0.0
19670518	,0.0
19670519	,0.0
19670520	,24.3
19670521	,0.0
19670522	,0.0
19670523	,0.0
19670524	,0.0
19670525	,48.5
19670526	,9.4
19670527	,0.0
19670528	,0.0
19670529	,0.0
19670530	,0.0
19670531	,0.0
19670601	,0.0
19670602	,0.0
19670603	,7.5
19670604	,5.0
19670605	,23.3
19670606	,3.2
19670607	,7.0
19670608	,0.5
19670609	,0.2
19670610	,0.7
19670611	,2.7
19670612	,14.8
19670613	,16.4
19670614	,5.2
19670615	,5.5
19670616	,3.0
19670617	,0.0
19670618	,9.3
19670619	,0.1
19670620	,2.6
19670621	,15.8
19670622	,1.0
19670623	,0.6
19670624	,0.0
19670625	,0.0
19670626	,0.0
19670627	,0.0
19670628	,0.0
19670629	,0.0
19670630	,0.0
19670701	,0.2
19670702	,1.7
19670703	,21.4
19670704	,8.4
19670705	,13.9
19670706	,0.6
19670707	,29.9
19670708	,32.0
19670709	,22.6
19670710	,16.2
19670711	,0.2
19670712	,0.0
19670713	,0.0
19670714	,0.0
19670715	,0.0
19670716	,34.2
19670717	,7.0
19670718	,0.6
19670719	,0.0
19670720	,0.0
19670721	,0.0
19670722	,4.3
19670723	,4.7
19670724	,0.5
19670725	,0.0
19670726	,1.5
19670727	,2.8
19670728	,0.6
19670729	,1.0
19670730	,0.0
19670731	,6.8
19670801	,0.0
19670802	,14.2
19670803	,0.2
19670804	,0.0
19670805	,0.0
19670806	,0.7
19670807	,43.8
19670808	,0.0
19670809	,2.9
19670810	,0.0
19670811	,12.1
19670812	,0.0
19670813	,0.0
19670814	,0.3
19670815	,1.5
19670816	,1.2
19670817	,0.0
19670818	,0.0
19670819	,6.4
19670820	,16.8
19670821	,24.1
19670822	,30.4
19670823	,7.0
19670824	,28.6
19670825	,28.9
19670826	,4.7
19670827	,0.0
19670828	,0.0
19670829	,0.0
19670830	,14.4
19670831	,0.0
19670901	,0.0
19670902	,0.0
19670903	,0.0
19670904	,2.0
19670905	,0.1
19670906	,0.0
19670907	,2.5
19670908	,0.0
19670909	,0.5
19670910	,0.0
19670911	,55.0
19670912	,0.1
19670913	,12.3
19670914	,0.0
19670915	,0.0
19670916	,16.2
19670917	,29.0
19670918	,15.9
19670919	,3.3
19670920	,0.0
19670921	,1.2
19670922	,9.6
19670923	,61.2
19670924	,0.1
19670925	,0.0
19670926	,0.0
19670927	,31.4
19670928	,4.4
19670929	,37.7
19670930	,13.3
19671001	,0.2
19671002	,3.0
19671003	,0.0
19671004	,8.8
19671005	,7.8
19671006	,0.0
19671007	,0.0
19671008	,0.2
19671009	,0.0
19671010	,0.2
19671011	,0.0
19671012	,0.0
19671013	,0.0
19671014	,0.0
19671015	,0.0
19671016	,0.0
19671017	,0.0
19671018	,0.0
19671019	,0.0
19671020	,0.0
19671021	,0.0
19671022	,0.0
19671023	,0.0
19671024	,0.0
19671025	,0.0
19671026	,0.0
19671027	,0.0
19671028	,0.0
19671029	,0.0
19671030	,0.0
19671031	,0.0
19671101	,0.0
19671102	,0.0
19671103	,0.0
19671104	,0.0
19671105	,0.0
19671106	,0.0
19671107	,0.0
19671108	,0.0
19671109	,0.0
19671110	,0.0
19671111	,0.0
19671112	,0.0
19671113	,0.0
19671114	,0.0
19671115	,30.6
19671116	,0.0
19671117	,0.0
19671118	,0.0
19671119	,0.0
19671120	,2.2
19671121	,0.0
19671122	,0.0
19671123	,0.0
19671124	,0.0
19671125	,0.6
19671126	,2.6
19671127	,0.0
19671128	,0.0
19671129	,0.0
19671130	,0.0
19671201	,0.0
19671202	,0.0
19671203	,0.0
19671204	,0.0
19671205	,0.0
19671206	,0.0
19671207	,0.0
19671208	,0.0
19671209	,0.6
19671210	,0.0
19671211	,0.0
19671212	,0.0
19671213	,0.0
19671214	,0.0
19671215	,0.0
19671216	,0.0
19671217	,0.0
19671218	,0.0
19671219	,0.0
19671220	,0.0
19671221	,0.0
19671222	,0.0
19671223	,0.0
19671224	,0.0
19671225	,0.0
19671226	,0.0
19671227	,0.0
19671228	,0.0
19671229	,0.0
19671230	,0.0
19671231	,0.0
19680101	,0.0
19680102	,0.0
19680103	,0.0
19680104	,0.0
19680105	,0.0
19680106	,0.0
19680107	,0.0
19680108	,0.0
19680109	,0.0
19680110	,0.0
19680111	,0.0
19680112	,0.0
19680113	,0.0
19680114	,0.0
19680115	,0.1
19680116	,0.0
19680117	,0.0
19680118	,0.0
19680119	,0.0
19680120	,0.0
19680121	,0.0
19680122	,0.0
19680123	,0.0
19680124	,0.0
19680125	,0.0
19680126	,0.0
19680127	,0.0
19680128	,0.0
19680129	,0.0
19680130	,0.0
19680131	,0.2
19680201	,0.0
19680202	,0.0
19680203	,0.0
19680204	,0.0
19680205	,0.0
19680206	,0.0
19680207	,0.0
19680208	,0.0
19680209	,0.0
19680210	,0.0
19680211	,0.0
19680212	,0.0
19680213	,0.0
19680214	,0.0
19680215	,0.0
19680216	,0.0
19680217	,0.0
19680218	,0.0
19680219	,0.0
19680220	,0.0
19680221	,0.0
19680222	,0.2
19680223	,0.0
19680224	,0.0
19680225	,0.0
19680226	,0.0
19680227	,0.0
19680228	,0.0
19680229	,0.0
19680301	,0.0
19680302	,0.0
19680303	,0.0
19680304	,0.0
19680305	,0.0
19680306	,0.0
19680307	,0.0
19680308	,0.0
19680309	,0.0
19680310	,0.0
19680311	,0.0
19680312	,0.0
19680313	,0.0
19680314	,0.0
19680315	,0.0
19680316	,0.0
19680317	,2.4
19680318	,5.8
19680319	,15.0
19680320	,3.0
19680321	,2.0
19680322	,11.5
19680323	,0.0
19680324	,0.0
19680325	,0.0
19680326	,0.0
19680327	,0.0
19680328	,0.0
19680329	,0.0
19680330	,0.0
19680331	,0.0
19680401	,0.0
19680402	,0.0
19680403	,6.5
19680404	,5.4
19680405	,0.0
19680406	,0.0
19680407	,0.4
19680408	,8.5
19680409	,22.1
19680410	,20.0
19680411	,0.0
19680412	,0.0
19680413	,0.0
19680414	,9.1
19680415	,19.7
19680416	,4.3
19680417	,0.0
19680418	,0.0
19680419	,0.0
19680420	,0.0
19680421	,0.0
19680422	,0.0
19680423	,0.0
19680424	,0.0
19680425	,10.4
19680426	,1.1
19680427	,0.0
19680428	,0.0
19680429	,0.0
19680430	,32.0
19680501	,0.5
19680502	,0.1
19680503	,33.6
19680504	,4.7
19680505	,0.0
19680506	,10.2
19680507	,0.0
19680508	,0.0
19680509	,0.0
19680510	,0.0
19680511	,0.0
19680512	,0.0
19680513	,1.2
19680514	,15.8
19680515	,2.6
19680516	,0.2
19680517	,21.4
19680518	,26.6
19680519	,0.5
19680520	,18.5
19680521	,10.3
19680522	,23.6
19680523	,59.6
19680524	,0.2
19680525	,0.0
19680526	,0.0
19680527	,7.0
19680528	,58.0
19680529	,23.2
19680530	,37.8
19680531	,0.0
19680601	,8.4
19680602	,0.0
19680603	,2.2
19680604	,1.6
19680605	,0.3
19680606	,0.3
19680607	,0.0
19680608	,2.5
19680609	,9.1
19680610	,49.6
19680611	,0.0
19680612	,0.0
19680613	,9.6
19680614	,4.9
19680615	,1.9
19680616	,21.1
19680617	,20.9
19680618	,15.1
19680619	,48.8
19680620	,17.3
19680621	,24.6
19680622	,7.7
19680623	,3.4
19680624	,0.0
19680625	,37.1
19680626	,3.2
19680627	,9.5
19680628	,19.8
19680629	,22.5
19680630	,29.4
19680701	,5.4
19680702	,26.2
19680703	,31.7
19680704	,8.4
19680705	,0.0
19680706	,0.2
19680707	,44.4
19680708	,13.8
19680709	,0.0
19680710	,0.0
19680711	,9.1
19680712	,22.6
19680713	,15.0
19680714	,5.8
19680715	,4.6
19680716	,21.6
19680717	,13.2
19680718	,35.8
19680719	,0.4
19680720	,2.8
19680721	,6.8
19680722	,1.1
19680723	,0.8
19680724	,0.0
19680725	,1.7
19680726	,0.7
19680727	,3.0
19680728	,0.0
19680729	,3.2
19680730	,0.0
19680731	,0.0
19680801	,3.8
19680802	,101.1
19680803	,0.4
19680804	,0.0
19680805	,0.1
19680806	,0.0
19680807	,3.0
19680808	,0.0
19680809	,0.2
19680810	,22.1
19680811	,10.4
19680812	,0.0
19680813	,0.0
19680814	,0.0
19680815	,0.0
19680816	,0.0
19680817	,5.2
19680818	,0.6
19680819	,6.4
19680820	,0.0
19680821	,38.6
19680822	,13.0
19680823	,2.8
19680824	,14.0
19680825	,0.0
19680826	,5.1
19680827	,38.7
19680828	,0.5
19680829	,9.0
19680830	,0.7
19680831	,0.0
19680901	,4.7
19680902	,5.7
19680903	,4.6
19680904	,4.2
19680905	,5.0
19680906	,3.6
19680907	,3.1
19680908	,3.5
19680909	,3.7
19680910	,2.7
19680911	,4.5
19680912	,3.1
19680913	,2.8
19680914	,2.9
19680915	,1.1
19680916	,4.8
19680917	,2.3
19680918	,1.3
19680919	,3.3
19680920	,2.3
19680921	,3.9
19680922	,3.7
19680923	,3.9
19680924	,2.1
19680925	,3.9
19680926	,1.6
19680927	,1.9
19680928	,1.5
19680929	,1.1
19680930	,2.2
19681001	,0.0
19681002	,0.0
19681003	,10.2
19681004	,42.3
19681005	,0.6
19681006	,9.4
19681007	,8.0
19681008	,1.0
19681009	,0.0
19681010	,0.0
19681011	,1.8
19681012	,0.0
19681013	,0.0
19681014	,0.0
19681015	,0.0
19681016	,0.0
19681017	,0.0
19681018	,0.0
19681019	,0.0
19681020	,0.0
19681021	,0.0
19681022	,0.0
19681023	,0.0
19681024	,0.0
19681025	,0.0
19681026	,0.0
19681027	,0.0
19681028	,0.0
19681029	,1.2
19681030	,0.0
19681031	,0.0
19681101	,0.0
19681102	,0.0
19681103	,0.0
19681104	,0.0
19681105	,0.0
19681106	,0.0
19681107	,1.3
19681108	,0.0
19681109	,0.0
19681110	,0.0
19681111	,0.0
19681112	,0.0
19681113	,0.0
19681114	,0.0
19681115	,0.0
19681116	,0.0
19681117	,0.0
19681118	,0.0
19681119	,0.0
19681120	,0.0
19681121	,0.0
19681122	,0.0
19681123	,0.0
19681124	,0.0
19681125	,0.0
19681126	,0.0
19681127	,0.0
19681128	,0.0
19681129	,0.0
19681130	,0.0
19681201	,0.0
19681202	,0.0
19681203	,0.0
19681204	,0.0
19681205	,0.0
19681206	,0.0
19681207	,0.0
19681208	,0.0
19681209	,0.0
19681210	,0.0
19681211	,0.0
19681212	,0.0
19681213	,0.0
19681214	,0.0
19681215	,0.0
19681216	,0.0
19681217	,0.0
19681218	,0.0
19681219	,0.0
19681220	,0.0
19681221	,0.0
19681222	,0.0
19681223	,0.0
19681224	,0.0
19681225	,0.0
19681226	,0.0
19681227	,0.0
19681228	,0.0
19681229	,0.0
19681230	,0.0
19681231	,0.0
19690101	,0.0
19690102	,0.0
19690103	,0.0
19690104	,0.0
19690105	,0.0
19690106	,0.0
19690107	,0.0
19690108	,0.0
19690109	,0.0
19690110	,0.0
19690111	,0.0
19690112	,0.0
19690113	,0.0
19690114	,7.3
19690115	,10.8
19690116	,0.0
19690117	,0.0
19690118	,0.0
19690119	,0.0
19690120	,0.0
19690121	,0.0
19690122	,0.0
19690123	,0.0
19690124	,0.0
19690125	,0.0
19690126	,0.0
19690127	,0.0
19690128	,0.0
19690129	,3.8
19690130	,0.0
19690131	,0.0
19690201	,0.0
19690202	,0.0
19690203	,0.0
19690204	,0.0
19690205	,0.0
19690206	,0.0
19690207	,0.0
19690208	,0.0
19690209	,0.0
19690210	,0.0
19690211	,0.0
19690212	,0.0
19690213	,0.0
19690214	,0.0
19690215	,0.0
19690216	,0.0
19690217	,0.0
19690218	,0.0
19690219	,0.0
19690220	,0.0
19690221	,0.0
19690222	,0.0
19690223	,0.0
19690224	,0.0
19690225	,0.0
19690226	,0.0
19690227	,0.0
19690228	,0.0
19690301	,0.0
19690302	,0.0
19690303	,0.0
19690304	,0.0
19690305	,0.0
19690306	,0.0
19690307	,0.0
19690308	,0.0
19690309	,0.0
19690310	,0.0
19690311	,0.0
19690312	,0.0
19690313	,0.0
19690314	,0.0
19690315	,0.0
19690316	,2.2
19690317	,2.0
19690318	,5.8
19690319	,5.0
19690320	,2.0
19690321	,7.5
19690322	,5.3
19690323	,0.0
19690324	,0.0
19690325	,0.2
19690326	,0.0
19690327	,34.0
19690328	,3.0
19690329	,0.0
19690330	,0.0
19690331	,0.0
19690401	,0.0
19690402	,0.0
19690403	,0.0
19690404	,0.0
19690405	,0.0
19690406	,0.0
19690407	,0.0
19690408	,1.5
19690409	,0.0
19690410	,4.9
19690411	,0.0
19690412	,0.0
19690413	,3.1
19690414	,1.4
19690415	,12.0
19690416	,0.0
19690417	,24.4
19690418	,16.5
19690419	,0.0
19690420	,5.6
19690421	,10.6
19690422	,2.6
19690423	,0.0
19690424	,0.0
19690425	,0.0
19690426	,0.0
19690427	,0.0
19690428	,0.0
19690429	,4.0
19690430	,2.9
19690501	,13.0
19690502	,0.0
19690503	,2.6
19690504	,0.0
19690505	,0.0
19690506	,0.0
19690507	,0.0
19690508	,0.0
19690509	,0.0
19690510	,0.6
19690511	,0.0
19690512	,0.0
19690513	,1.6
19690514	,0.4
19690515	,3.2
19690516	,0.0
19690517	,0.0
19690518	,2.0
19690519	,0.0
19690520	,3.0
19690521	,0.2
19690522	,5.6
19690523	,0.6
19690524	,7.0
19690525	,6.3
19690526	,2.3
19690527	,11.6
19690528	,2.2
19690529	,0.0
19690530	,0.0
19690531	,0.0
19690601	,0.0
19690602	,0.0
19690603	,32.6
19690604	,8.2
19690605	,20.3
19690606	,29.0
19690607	,7.8
19690608	,10.7
19690609	,29.8
19690610	,11.4
19690611	,9.7
19690612	,5.2
19690613	,33.1
19690614	,8.4
19690615	,15.0
19690616	,0.0
19690617	,0.0
19690618	,1.2
19690619	,68.5
19690620	,4.3
19690621	,1.6
19690622	,37.9
19690623	,0.0
19690624	,15.2
19690625	,3.4
19690626	,12.4
19690627	,0.0
19690628	,0.0
19690629	,19.5
19690630	,41.0
19690701	,8.4
19690702	,4.1
19690703	,1.3
19690704	,4.5
19690705	,34.8
19690706	,15.8
19690707	,8.8
19690708	,8.3
19690709	,68.3
19690710	,12.3
19690711	,49.6
19690712	,2.8
19690713	,2.2
19690714	,3.4
19690715	,1.6
19690716	,6.0
19690717	,21.9
19690718	,64.2
19690719	,14.0
19690720	,0.9
19690721	,5.4
19690722	,0.5
19690723	,0.0
19690724	,0.0
19690725	,0.0
19690726	,0.4
19690727	,5.1
19690728	,0.0
19690729	,0.0
19690730	,8.8
19690731	,0.0
19690801	,7.6
19690802	,1.1
19690803	,3.7
19690804	,10.5
19690805	,1.4
19690806	,3.7
19690807	,41.1
19690808	,0.0
19690809	,0.0
19690810	,4.1
19690811	,8.5
19690812	,0.0
19690813	,0.0
19690814	,15.0
19690815	,19.9
19690816	,2.6
19690817	,24.1
19690818	,24.9
19690819	,7.4
19690820	,19.4
19690821	,0.9
19690822	,52.8
19690823	,7.0
19690824	,25.8
19690825	,16.8
19690826	,0.2
19690827	,2.2
19690828	,0.0
19690829	,0.0
19690830	,1.7
19690831	,0.7
19690901	,16.6
19690902	,2.3
19690903	,0.0
19690904	,0.0
19690905	,13.2
19690906	,35.7
19690907	,75.9
19690908	,18.4
19690909	,0.0
19690910	,0.5
19690911	,0.2
19690912	,2.1
19690913	,2.5
19690914	,0.0
19690915	,0.0
19690916	,0.0
19690917	,2.0
19690918	,2.0
19690919	,0.1
19690920	,0.0
19690921	,0.0
19690922	,0.0
19690923	,0.0
19690924	,43.5
19690925	,11.3
19690926	,1.5
19690927	,0.1
19690928	,0.0
19690929	,1.8
19690930	,0.0
19691001	,0.7
19691002	,0.0
19691003	,2.5
19691004	,0.0
19691005	,0.0
19691006	,0.0
19691007	,0.0
19691008	,0.0
19691009	,8.8
19691010	,4.1
19691011	,16.4
19691012	,0.0
19691013	,0.0
19691014	,0.0
19691015	,19.2
19691016	,0.0
19691017	,0.0
19691018	,0.0
19691019	,0.2
19691020	,0.0
19691021	,14.0
19691022	,0.0
19691023	,0.0
19691024	,0.0
19691025	,0.0
19691026	,0.0
19691027	,0.0
19691028	,0.0
19691029	,3.6
19691030	,0.0
19691031	,0.0
19691101	,0.0
19691102	,0.0
19691103	,0.0
19691104	,0.0
19691105	,0.0
19691106	,0.0
19691107	,0.0
19691108	,0.0
19691109	,0.0
19691110	,0.0
19691111	,5.8
19691112	,16.4
19691113	,0.0
19691114	,0.8
19691115	,0.0
19691116	,0.0
19691117	,0.0
19691118	,0.0
19691119	,0.1
19691120	,0.0
19691121	,0.0
19691122	,0.0
19691123	,0.0
19691124	,0.0
19691125	,0.0
19691126	,0.0
19691127	,0.0
19691128	,0.0
19691129	,0.0
19691130	,0.0
19691201	,0.4
19691202	,0.0
19691203	,0.0
19691204	,0.0
19691205	,0.0
19691206	,0.0
19691207	,0.0
19691208	,0.0
19691209	,0.0
19691210	,0.0
19691211	,0.0
19691212	,0.0
19691213	,0.0
19691214	,0.0
19691215	,0.0
19691216	,0.0
19691217	,0.0
19691218	,0.0
19691219	,0.0
19691220	,0.0
19691221	,0.0
19691222	,0.0
19691223	,0.0
19691224	,0.0
19691225	,0.0
19691226	,0.0
19691227	,0.0
19691228	,0.0
19691229	,0.0
19691230	,0.0
19691231	,0.0
19700101	,0.0
19700102	,0.0
19700103	,0.0
19700104	,0.0
19700105	,0.0
19700106	,0.0
19700107	,0.0
19700108	,0.0
19700109	,0.0
19700110	,0.0
19700111	,0.0
19700112	,0.0
19700113	,2.0
19700114	,0.0
19700115	,0.0
19700116	,0.0
19700117	,0.0
19700118	,0.0
19700119	,0.0
19700120	,0.0
19700121	,9.4
19700122	,5.4
19700123	,0.0
19700124	,0.0
19700125	,0.0
19700126	,0.0
19700127	,5.1
19700128	,0.0
19700129	,0.0
19700130	,0.0
19700131	,0.0
19700201	,0.0
19700202	,0.0
19700203	,0.0
19700204	,0.0
19700205	,0.0
19700206	,0.0
19700207	,0.0
19700208	,0.0
19700209	,0.0
19700210	,0.0
19700211	,0.0
19700212	,0.0
19700213	,0.0
19700214	,0.0
19700215	,0.0
19700216	,0.0
19700217	,0.0
19700218	,0.0
19700219	,0.0
19700220	,7.3
19700221	,3.1
19700222	,0.0
19700223	,13.2
19700224	,0.1
19700225	,0.0
19700226	,0.0
19700227	,0.0
19700228	,0.0
19700301	,0.0
19700302	,0.0
19700303	,0.0
19700304	,0.0
19700305	,0.0
19700306	,0.0
19700307	,0.0
19700308	,0.0
19700309	,0.0
19700310	,0.0
19700311	,0.0
19700312	,9.0
19700313	,0.0
19700314	,0.0
19700315	,0.0
19700316	,0.0
19700317	,0.0
19700318	,0.0
19700319	,0.0
19700320	,0.0
19700321	,0.0
19700322	,0.0
19700323	,0.0
19700324	,0.0
19700325	,0.0
19700326	,0.0
19700327	,7.0
19700328	,5.4
19700329	,0.0
19700330	,1.2
19700331	,0.0
19700401	,0.0
19700402	,0.0
19700403	,0.0
19700404	,0.0
19700405	,1.9
19700406	,0.0
19700407	,0.0
19700408	,1.8
19700409	,0.0
19700410	,0.0
19700411	,12.6
19700412	,0.1
19700413	,0.0
19700414	,0.6
19700415	,1.0
19700416	,1.0
19700417	,0.4
19700418	,1.8
19700419	,0.0
19700420	,0.0
19700421	,0.5
19700422	,0.0
19700423	,0.0
19700424	,11.0
19700425	,3.0
19700426	,0.0
19700427	,0.0
19700428	,10.2
19700429	,8.5
19700430	,6.1
19700501	,3.0
19700502	,6.2
19700503	,4.0
19700504	,0.0
19700505	,0.0
19700506	,0.0
19700507	,0.0
19700508	,0.0
19700509	,3.2
19700510	,0.0
19700511	,6.2
19700512	,0.0
19700513	,0.0
19700514	,5.6
19700515	,2.1
19700516	,33.1
19700517	,15.9
19700518	,18.0
19700519	,0.0
19700520	,0.0
19700521	,0.0
19700522	,0.0
19700523	,0.0
19700524	,0.0
19700525	,0.0
19700526	,0.0
19700527	,0.0
19700528	,0.0
19700529	,14.0
19700530	,18.4
19700531	,6.7
19700601	,2.4
19700602	,25.6
19700603	,0.2
19700604	,2.3
19700605	,86.3
19700606	,22.6
19700607	,15.2
19700608	,10.1
19700609	,20.4
19700610	,0.1
19700611	,1.2
19700612	,6.2
19700613	,0.0
19700614	,0.0
19700615	,3.5
19700616	,24.2
19700617	,27.6
19700618	,0.0
19700619	,61.0
19700620	,0.0
19700621	,0.8
19700622	,4.1
19700623	,13.2
19700624	,57.1
19700625	,26.1
19700626	,15.3
19700627	,0.0
19700628	,1.2
19700629	,0.0
19700630	,11.8
19700701	,0.0
19700702	,1.0
19700703	,0.7
19700704	,0.0
19700705	,8.2
19700706	,0.0
19700707	,0.0
19700708	,2.1
19700709	,0.1
19700710	,38.8
19700711	,22.3
19700712	,131.6
19700713	,51.4
19700714	,8.3
19700715	,6.6
19700716	,0.0
19700717	,4.0
19700718	,0.0
19700719	,0.0
19700720	,3.7
19700721	,8.8
19700722	,32.3
19700723	,30.7
19700724	,13.9
19700725	,1.2
19700726	,0.0
19700727	,0.1
19700728	,8.4
19700729	,3.5
19700730	,16.7
19700731	,28.5
19700801	,7.8
19700802	,24.7
19700803	,49.2
19700804	,0.0
19700805	,0.0
19700806	,2.2
19700807	,7.2
19700808	,5.6
19700809	,59.2
19700810	,20.0
19700811	,6.0
19700812	,0.0
19700813	,0.0
19700814	,4.7
19700815	,0.8
19700816	,2.0
19700817	,5.7
19700818	,0.0
19700819	,0.0
19700820	,0.0
19700821	,0.0
19700822	,0.0
19700823	,0.0
19700824	,0.0
19700825	,101.8
19700826	,12.8
19700827	,0.0
19700828	,0.0
19700829	,23.3
19700830	,20.7
19700831	,0.0
19700901	,0.0
19700902	,3.4
19700903	,2.5
19700904	,0.0
19700905	,0.0
19700906	,0.8
19700907	,0.0
19700908	,0.0
19700909	,0.0
19700910	,0.0
19700911	,1.0
19700912	,0.0
19700913	,12.5
19700914	,0.8
19700915	,13.7
19700916	,0.0
19700917	,0.0
19700918	,0.4
19700919	,3.2
19700920	,1.6
19700921	,3.6
19700922	,0.0
19700923	,0.0
19700924	,0.7
19700925	,0.2
19700926	,0.0
19700927	,0.0
19700928	,15.0
19700929	,6.3
19700930	,0.0
19701001	,52.3
19701002	,4.0
19701003	,12.1
19701004	,0.0
19701005	,0.0
19701006	,0.0
19701007	,0.0
19701008	,29.4
19701009	,0.0
19701010	,0.0
19701011	,0.0
19701012	,0.0
19701013	,0.0
19701014	,0.0
19701015	,0.0
19701016	,0.0
19701017	,0.0
19701018	,0.0
19701019	,0.0
19701020	,0.0
19701021	,0.0
19701022	,0.0
19701023	,14.2
19701024	,45.5
19701025	,3.0
19701026	,0.6
19701027	,0.0
19701028	,0.0
19701029	,0.0
19701030	,0.0
19701101	,0.0
19701102	,0.0
19701103	,0.0
19701104	,0.0
19701105	,0.0
19701106	,36.2
19701107	,0.0
19701108	,0.0
19701109	,0.0
19701110	,0.0
19701111	,0.0
19701112	,0.0
19701113	,0.5
19701114	,0.0
19701115	,0.0
19701116	,0.0
19701117	,0.0
19701118	,0.0
19701119	,0.0
19701120	,0.0
19701121	,0.0
19701122	,0.0
19701123	,0.0
19701124	,0.0
19701125	,0.0
19701126	,0.0
19701127	,0.0
19701128	,0.0
19701129	,0.0
19701130	,0.0
19701201	,0.0
19701202	,0.0
19701203	,0.0
19701204	,0.0
19701205	,0.0
19701206	,0.0
19701207	,0.0
19701208	,0.0
19701209	,0.0
19701210	,0.0
19701211	,0.0
19701212	,0.0
19701213	,0.0
19701214	,0.0
19701215	,0.0
19701216	,0.0
19701217	,0.0
19701218	,0.0
19701219	,0.0
19701220	,0.0
19701221	,0.0
19701222	,0.0
19701223	,0.0
19701224	,0.0
19701225	,0.0
19701226	,0.0
19701227	,0.0
19701228	,0.0
19701229	,0.0
19701230	,0.0
19701231	,0.0
19710101	,0.0
19710102	,0.0
19710103	,0.0
19710104	,0.0
19710105	,0.0
19710106	,0.0
19710107	,0.0
19710108	,0.0
19710109	,0.0
19710110	,0.0
19710111	,0.0
19710112	,0.0
19710113	,0.0
19710114	,0.0
19710115	,0.0
19710116	,0.0
19710117	,0.0
19710118	,0.0
19710119	,0.0
19710120	,0.0
19710121	,0.0
19710122	,1.3
19710123	,1.4
19710124	,0.0
19710125	,0.0
19710126	,0.0
19710127	,0.6
19710128	,0.8
19710129	,0.0
19710130	,0.0
19710131	,0.0
19710201	,0.0
19710202	,0.0
19710203	,0.0
19710204	,0.0
19710205	,0.0
19710206	,0.0
19710207	,0.0
19710208	,0.0
19710209	,0.0
19710210	,0.0
19710211	,0.0
19710212	,0.0
19710213	,0.0
19710214	,0.0
19710215	,0.0
19710216	,0.0
19710217	,0.0
19710218	,0.0
19710219	,0.0
19710220	,0.0
19710221	,1.0
19710222	,0.0
19710223	,0.0
19710224	,0.0
19710225	,0.0
19710226	,0.0
19710227	,0.0
19710228	,0.1
19710301	,3.0
19710302	,0.0
19710303	,0.0
19710304	,0.0
19710305	,0.0
19710306	,0.0
19710307	,0.0
19710308	,0.0
19710309	,0.0
19710310	,0.0
19710311	,0.0
19710312	,0.0
19710313	,0.0
19710314	,0.0
19710315	,0.0
19710316	,0.0
19710317	,0.0
19710318	,0.0
19710319	,0.0
19710320	,0.0
19710321	,0.0
19710322	,0.0
19710323	,0.0
19710324	,0.0
19710325	,0.0
19710326	,0.0
19710327	,0.0
19710328	,6.4
19710329	,14.2
19710330	,9.7
19710331	,33.7
19710401	,0.2
19710402	,12.9
19710403	,10.9
19710404	,9.9
19710405	,0.0
19710406	,11.8
19710407	,2.0
19710408	,26.0
19710409	,0.0
19710410	,0.0
19710411	,24.5
19710412	,10.3
19710413	,23.9
19710414	,0.0
19710415	,6.0
19710416	,0.0
19710417	,18.0
19710418	,0.2
19710419	,0.0
19710420	,1.7
19710421	,0.8
19710422	,1.2
19710423	,9.5
19710424	,0.0
19710425	,1.2
19710426	,0.0
19710427	,0.0
19710428	,0.0
19710429	,0.0
19710430	,0.0
19710501	,1.2
19710502	,34.7
19710503	,38.2
19710504	,4.5
19710505	,0.0
19710506	,0.0
19710507	,0.5
19710508	,9.9
19710509	,0.0
19710510	,10.1
19710511	,4.3
19710512	,0.0
19710513	,3.4
19710514	,0.0
19710515	,13.9
19710516	,0.0
19710517	,0.0
19710518	,0.0
19710519	,0.0
19710520	,0.0
19710521	,0.0
19710522	,2.4
19710523	,31.4
19710524	,0.0
19710525	,13.1
19710526	,0.4
19710527	,0.0
19710528	,0.0
19710529	,0.0
19710530	,17.7
19710531	,0.0
19710601	,0.8
19710602	,0.0
19710603	,23.2
19710604	,10.8
19710605	,11.9
19710606	,0.0
19710607	,25.4
19710608	,2.5
19710609	,33.7
19710610	,23.2
19710611	,0.0
19710612	,36.2
19710613	,22.0
19710614	,0.6
19710615	,0.0
19710616	,0.0
19710617	,36.8
19710618	,0.0
19710619	,1.2
19710620	,1.6
19710621	,0.6
19710622	,0.6
19710623	,27.8
19710624	,0.5
19710625	,44.3
19710626	,7.0
19710627	,4.0
19710628	,2.3
19710629	,1.4
19710630	,13.0
19710701	,5.4
19710702	,0.0
19710703	,0.3
19710704	,37.4
19710705	,31.8
19710706	,3.8
19710707	,0.4
19710708	,0.4
19710709	,6.6
19710710	,39.7
19710711	,34.4
19710712	,33.7
19710713	,3.1
19710714	,0.0
19710715	,7.7
19710716	,5.8
19710717	,5.6
19710718	,1.9
19710719	,0.1
19710720	,0.0
19710721	,0.0
19710722	,0.3
19710723	,25.5
19710724	,21.0
19710725	,0.0
19710726	,0.5
19710727	,0.0
19710728	,0.2
19710729	,0.0
19710730	,3.9
19710731	,61.2
19710801	,14.1
19710802	,2.0
19710803	,1.8
19710804	,5.6
19710805	,0.4
19710806	,4.5
19710807	,0.2
19710808	,0.0
19710809	,24.7
19710810	,32.2
19710811	,12.0
19710812	,0.0
19710813	,0.4
19710814	,2.0
19710815	,2.0
19710816	,22.6
19710817	,23.1
19710818	,0.6
19710819	,0.0
19710820	,26.6
19710821	,0.3
19710822	,0.0
19710823	,0.2
19710824	,1.6
19710825	,17.9
19710826	,1.0
19710827	,18.4
19710828	,0.0
19710829	,64.2
19710830	,23.8
19710831	,0.0
19710901	,0.0
19710902	,0.0
19710903	,0.0
19710904	,0.0
19710905	,14.2
19710906	,33.2
19710907	,1.8
19710908	,0.5
19710909	,0.0
19710910	,0.0
19710911	,0.0
19710912	,8.2
19710913	,0.0
19710914	,0.0
19710915	,0.5
19710916	,0.0
19710917	,0.0
19710918	,0.0
19710919	,0.0
19710920	,0.0
19710921	,11.5
19710922	,13.0
19710923	,0.0
19710924	,13.0
19710925	,0.0
19710926	,13.0
19710927	,0.1
19710928	,0.0
19710929	,0.0
19710930	,0.0
19711001	,2.1
19711002	,0.0
19711003	,19.9
19711004	,17.4
19711005	,0.0
19711006	,0.0
19711007	,7.4
19711008	,1.6
19711009	,0.8
19711010	,12.0
19711011	,0.0
19711012	,14.5
19711013	,0.0
19711014	,1.3
19711015	,0.1
19711016	,0.0
19711017	,0.0
19711018	,0.0
19711019	,0.0
19711020	,0.0
19711021	,0.0
19711022	,0.0
19711023	,0.0
19711024	,0.0
19711025	,0.0
19711026	,0.0
19711027	,0.0
19711028	,0.0
19711029	,0.0
19711030	,0.0
19711031	,0.0
19711101	,10.3
19711102	,13.8
19711103	,0.0
19711104	,0.0
19711105	,0.0
19711106	,14.2
19711107	,30.3
19711108	,0.0
19711109	,0.0
19711110	,0.0
19711111	,0.0
19711112	,0.0
19711113	,0.0
19711114	,0.0
19711115	,0.0
19711116	,0.0
19711117	,0.0
19711118	,13.0
19711119	,0.0
19711120	,0.0
19711121	,0.0
19711122	,0.0
19711123	,0.0
19711124	,0.0
19711125	,0.0
19711126	,0.0
19711127	,0.0
19711128	,0.0
19711129	,0.0
19711130	,0.0
19711201	,0.0
19711202	,0.0
19711203	,0.0
19711204	,0.0
19711205	,0.0
19711206	,0.0
19711207	,0.0
19711208	,0.0
19711209	,0.0
19711210	,0.0
19711211	,0.0
19711212	,0.0
19711213	,0.0
19711214	,0.0
19711215	,0.0
19711216	,0.0
19711217	,0.0
19711218	,0.0
19711219	,0.0
19711220	,0.0
19711221	,0.0
19711222	,0.0
19711223	,0.0
19711224	,0.0
19711225	,0.0
19711226	,0.0
19711227	,0.0
19711228	,0.0
19711229	,0.0
19711230	,0.0
19711231	,0.0
